17169973579367865 120
17169973579355146 122
17169973579367495 123
17169973579382680 124
17169973579375350 230
17169973579352594 222
17169973579364592 209
17169973579393946 210
17169973579350373 123
17169973579352701 143
17169973579355582 152
17169973579375443 164
17169973579371250 172
17169973579366433 123
17169973579359889 321
17169973579373346 342
17169973579372806 111
17169973579393163 110
17169973579363062 98
17169973579350223 12
17169973579389733 123
17169973579351567 432
17169973579351845 121
17169973579378344 196
17169973579379689 194
17169973579358030 197
17169973579366277 106
17169973579379844 905
17169973579389372 889
17169973579389971 853
17169973579389397 85
17169973579378816 82
17169973579353312 72
17169973579381513 15
17169973579361974 148
17169973579380607 142
17169973579378506 138
17169973579383387 122
17169973579383348 137
17169973579353850 137
17169973579378769 116
17169973579389136 165
17169973579352440 141
17169973579381175 139
17169973579355749 119
17169973579369424 178
17169973579387779 129
17169973579387498 169
17169973579376508 161
17169973579384933 141
17169973579378272 92
17169973579376709 94
17169973579354134 98
17169973579364517 978
17169973579354893 973
17169973579360382 97
17169973579371491 92
17169973579370883 91
17169973579385484 27
17169973579379977 96
17169973579357052 96
17169973579364180 90
17169973579355718 90
17169973579366468 90
17169973579354961 90
17169973579378112 89
17169973579367120 87
17169973579388653 87
17169973579376497 87
17169973579381724 85
17169973579384676 85
17169973579358209 51
17169973579375177 89
17169973579389953 38
17169973579354144 26
17169973579359214 25
17169973579354993 18
17169973579354917 10
17169973579369004 10
17169973579374938 80
17169973579380559 80
17169973579365406 80
17169973579379296 79
17169973579374056 78
17169973579380721 83
17169973579351241 74
17169973579356537 70
17169973579391428 68
17169973579392244 62
17169973579368229 61
17169973579368846 56
17169973579383618 48
17169973579373373 36
17169973579362162 34
17169973579367704 27
17169973579371578 76
17169973579381964 66
17169973579354857 69
17169973579377894 63
17169973579391038 69
