16325548649235797 120
16325548649223078 122
16325548649235427 123
16325548649250612 124
16325548649243282 230
16325548649220526 222
16325548649232524 209
16325548649261878 210
16325548649218305 123
16325548649220633 143
16325548649223514 152
16325548649243375 164
16325548649239182 172
16325548649234365 123
16325548649227821 321
16325548649241278 342
16325548649240738 111
16325548649261095 110
16325548649230994 98
16325548649218155 12
16325548649257665 123
16325548649219499 432
16325548649219777 121
16325548649246276 196
16325548649247621 194
16325548649225962 197
16325548649234209 106
16325548649247776 905
16325548649257304 889
16325548649257903 853
16325548649257329 85
16325548649246748 82
16325548649221244 72
16325548649249445 15
16325548649229906 148
16325548649248539 142
16325548649246438 138
16325548649251319 122
16325548649251280 137
16325548649221782 137
16325548649246701 116
16325548649257068 165
16325548649220372 141
16325548649249107 139
16325548649223681 119
16325548649237356 178
16325548649255711 129
16325548649255430 169
16325548649244440 161
16325548649252865 141
16325548649246204 92
16325548649244641 94
16325548649222066 98
16325548649232449 978
16325548649222825 973
16325548649228314 97
16325548649239423 92
16325548649238815 91
16325548649253416 27
16325548649247909 96
16325548649224984 96
16325548649232112 90
16325548649223650 90
16325548649234400 90
16325548649222893 90
16325548649246044 89
16325548649235052 87
16325548649256585 87
16325548649244429 87
16325548649249656 85
16325548649252608 85
16325548649226141 51
16325548649243109 89
16325548649257885 38
16325548649222076 26
16325548649227146 25
16325548649222925 18
16325548649222849 10
16325548649236936 10
16325548649242870 80
16325548649248491 80
16325548649233338 80
16325548649247228 79
16325548649241988 78
16325548649248653 83
16325548649219173 74
16325548649224469 70
16325548649259360 68
16325548649260176 62
16325548649236161 61
16325548649236778 56
16325548649251550 48
16325548649241305 36
16325548649230094 34
16325548649235636 27
16325548649239510 76
16325548649249896 66
16325548649222789 69
16325548649245826 63
16325548649258970 69
