1 838 32
2 104 32
3 16 32
4 256 32
5 16 32
6 8 32
7 2048 32
8 1024 32
9 4096 32
10 1024 32
11 1024 32
12 512 32
13 524 32
14 262 32
15 262 32
16 524 32
17 64 32
18 16 32
19 16 32
20 16 32
21 16 32
22 64 32
23 16 32
24 1024 32
25 512 32
26 64 32
27 655 32
28 327 32
29 838 32
30 655 32
31 524 32
32 819 32
33 102 32
34 327 32
35 209 32
36 104 32
37 131 32
38 262 32
39 131 32
40 838 32
41 128 32
42 512 32
43 163 32
44 256 32
45 419 32
46 32 32
47 32 32
48 256 32
49 8 32
50 32 32
51 2048 32
52 16 32
53 209 32
54 64 32
55 512 32
56 524 32
57 16 32
58 209 32
