3926 0
45029 1
17479 1
11826 0
39650 0
21562 1
34710 0
24040 0
4786 0
20566 0
28852 0
39717 0
3856 0
44231 0
341 1
19408 0
17688 0
3858 0
12930 1
22764 0
15615 0
11188 0
37910 0
44195 0
1499 0
27375 0
5261 0
5260 0
29320 1
25662 0
26481 0
29280 0
14576 0
30775 0
1123 1
193 0
39402 1
24573 1
41832 0
11447 1
16386 1
2261 0
42585 0
13900 0
21835 0
9526 0
15957 1
39928 0
8121 0
26755 0
2047 0
43627 0
26750 0
42228 0
644 0
28328 0
38263 0
28490 0
25874 0
14133 0
32470 0
4104 0
1904 0
5130 0
8193 0
21685 0
5702 0
23392 0
39381 0
2685 0
7554 0
14788 0
27878 1
12624 0
12625 0
7003 0
39663 0
29714 0
22880 0
43495 1
29961 0
43941 0
22052 0
41609 0
27479 0
30157 0
43930 0
38860 0
38864 0
17460 0
14566 0
32120 0
15568 0
13471 0
39356 0
24244 1
26262 0
23200 0
23204 1
22160 0
22373 0
27047 1
8014 0
34553 0
10665 0
45123 0
7757 0
4849 0
3834 0
45058 0
32548 0
45055 0
41412 0
21574 1
35632 0
14501 1
35468 0
20516 0
41092 0
13152 0
21475 0
36693 0
39177 0
23955 0
41081 0
22790 1
7138 1
7036 0
7132 0
3300 1
5319 1
16438 0
21501 0
8117 0
14927 0
1658 0
14924 0
36600 0
26492 0
16144 0
26693 0
30705 0
8200 0
19687 0
2578 1
40324 0
30361 0
8726 0
1225 0
21234 0
20632 0
2456 1
13322 0
39911 0
17288 0
41919 0
38585 0
4945 0
11154 0
28256 0
31497 0
13446 0
11159 0
41022 0
38258 0
28096 0
29651 0
6048 0
14164 0
23330 1
23331 0
11979 0
3525 0
37468 0
3884 0
15250 0
28178 0
35745 0
14158 0
6742 0
31948 0
20548 0
27106 0
32513 0
11243 0
41598 0
39120 0
18830 0
45092 0
207 0
12953 1
25161 1
7102 0
14270 1
27465 0
22598 0
37763 1
29778 1
43414 0
39791 0
39955 0
14345 0
11056 0
41708 0
24397 0
17849 0
4679 0
4901 0
11462 0
4877 0
1829 0
33121 0
15052 0
31053 0
18851 0
12146 0
10751 0
12149 0
4977 0
23284 0
31708 0
8441 0
25325 0
22397 0
4128 0
836 0
32819 0
32426 0
44748 0
44409 0
6822 0
33371 0
14232 0
381 0
34917 0
35517 1
14606 0
5482 0
787 0
40912 0
37482 0
14288 0
18900 0
27153 0
40611 0
7651 0
31139 0
25427 0
16724 0
24922 0
1212 0
9873 1
4278 1
2424 0
10643 0
21958 0
6521 0
6525 1
40662 0
15390 0
7843 0
44882 0
4686 0
14424 0
43147 1
31159 0
38122 0
3869 0
38637 1
15266 0
10366 0
14104 0
16452 0
28084 0
7772 0
10484 0
4841 0
16519 1
35223 0
3838 0
33332 0
15844 0
23357 0
42869 0
37337 0
6636 0
3545 0
357 0
20976 1
22195 0
18644 0
12924 0
211 1
30591 0
10217 0
35424 1
16566 0
32336 0
1073 0
32633 0
30763 0
16265 0
16261 1
1551 1
24388 0
31744 1
20615 0
17785 0
2774 0
4895 0
114 0
16417 0
39937 0
3296 0
35910 0
5565 0
5566 0
1857 0
12158 0
6061 0
35136 0
36287 1
4960 0
28807 0
3958 0
11958 0
28800 0
11954 0
18462 0
22552 1
44271 0
17739 0
34742 0
4118 1
3505 0
22252 0
25334 0
32664 0
14387 0
32988 0
18213 0
16647 0
15328 0
35504 0
7014 0
12736 0
24002 0
23791 0
31962 0
1732 0
30543 0
11501 0
37085 0
25635 0
13046 0
18733 0
31961 0
18988 0
12025 0
41615 0
28475 0
38998 0
27700 0
38004 0
29828 0
17104 0
20867 0
1206 1
41971 0
1898 0
35895 0
634 0
27629 0
18132 0
29673 0
31148 0
38139 0
26057 0
9601 0
5733 0
9198 0
34660 0
33602 0
26504 0
36400 0
9805 0
28753 1
