37085 32633 3926 0
15844 787 45029 1
211 1212 17479 1
7132 24922 11826 0
16566 21685 39650 0
22880 4877 21562 1
16265 36600 34710 0
41412 11501 24040 0
4104 44195 4786 0
45055 40662 20566 0
23331 45055 28852 0
32819 11243 39717 0
9526 20566 3856 0
357 7138 44231 0
10484 39381 341 1
35632 18644 19408 0
22552 7138 17688 0
21685 24244 3858 0
9873 10484 12930 1
22790 11954 22764 0
39911 30775 15615 0
7036 15328 11188 0
10643 39928 37910 0
8117 27479 44195 0
21234 36600 1499 0
14158 45029 27375 0
14104 11462 5261 0
38998 11501 5260 0
33602 12736 29320 1
36287 25334 25662 0
22373 11954 26481 0
35223 37085 29280 0
9526 11954 14576 0
35504 1898 30775 0
16519 17739 1123 1
17688 14345 193 0
37337 12146 39402 1
45092 20566 24573 1
43930 1732 41832 0
1904 31139 11447 1
45123 27153 16386 1
1123 36600 2261 0
22252 14345 42585 0
7014 20566 13900 0
4960 26262 21835 0
22052 9601 9526 0
41092 28256 15957 1
30361 15250 39928 0
44195 15957 8121 0
29714 1898 26755 0
27700 1898 2047 0
25325 38258 43627 0
37910 22880 26750 0
3300 2456 42228 0
34917 11501 644 0
24397 34742 28328 0
1898 18462 38263 0
14158 24040 28490 0
23330 37337 25874 0
18644 31708 14133 0
26693 7132 32470 0
4849 45123 4104 0
37085 6822 1904 0
23204 4945 5130 0
39911 1829 8193 0
18644 20976 21685 0
4960 5565 5702 0
1225 10643 23392 0
41615 26750 39381 0
39356 17739 2685 0
3525 13446 7554 0
15328 26057 14788 0
4960 16144 27878 1
1225 7132 12624 0
31139 634 12625 0
39928 1732 7003 0
114 44195 39663 0
28800 15250 29714 0
10665 37468 22880 0
39791 37337 43495 1
44231 39402 29961 0
14501 44231 43941 0
9526 34742 22052 0
45055 25161 41609 0
23204 7843 27479 0
7132 23330 30157 0
28084 34742 43930 0
7138 4841 38860 0
1499 14924 38864 0
39955 16566 17460 0
13322 12930 14566 0
16566 41971 32120 0
28852 634 15568 0
30775 1212 13471 0
644 28475 39356 0
14606 10484 24244 1
14345 35136 26262 0
31139 11826 23200 0
29714 13322 23204 1
1212 11979 22160 0
31139 5260 22373 0
16566 45092 27047 1
12025 6742 8014 0
1904 11462 34553 0
45029 7132 10665 0
644 32664 45123 0
37337 39928 7757 0
12736 16519 4849 0
22880 33332 3834 0
30543 14158 45058 0
22160 36600 32548 0
18462 28852 45055 0
29280 11154 41412 0
14104 35745 21574 1
32548 13322 35632 0
28852 4977 14501 1
28490 11462 35468 0
40912 27465 20516 0
41092 25874 41092 0
31948 37468 13152 0
41598 31139 21475 0
28328 32819 36693 0
11979 1212 39177 0
28852 38998 23955 0
9873 12953 41081 0
26481 11154 22790 1
39650 22397 7138 1
28256 25325 7036 0
16566 43941 7132 0
14104 41092 3300 1
15568 644 5319 1
2456 28475 16438 0
10665 8200 21501 0
4679 41092 8117 0
9526 7138 14927 0
16265 22052 1658 0
25427 25325 14924 0
14924 1898 36600 0
193 11501 26492 0
32819 7757 16144 0
35424 35745 26693 0
22160 36287 30705 0
23330 7132 8200 0
40611 5261 19687 0
13446 41832 2578 1
381 23204 40324 0
1732 26750 30361 0
21685 12149 8726 0
23330 7138 1225 0
26492 14158 21234 0
23204 6636 20632 0
4945 35745 2456 1
37468 836 13322 0
644 24397 39911 0
42585 25325 17288 0
15844 3834 41919 0
22195 2456 38585 0
13446 24002 4945 0
2456 38004 11154 0
12953 11826 28256 0
12953 41022 31497 0
16566 1658 13446 0
26750 1212 11159 0
3296 1212 41022 0
27375 11154 38258 0
15328 28475 28096 0
2456 26504 29651 0
2774 17739 6048 0
1732 17785 14164 0
36287 43147 23330 1
44195 26755 23331 0
11954 38998 11979 0
14158 23392 3525 0
45055 28807 37468 0
24573 45055 3884 0
12025 16452 15250 0
1212 32336 28178 0
40912 5319 35745 0
22397 32664 14158 0
25427 39911 6742 0
32988 8200 31948 0
16566 39955 20548 0
7843 4960 27106 0
10484 31708 32513 0
45055 1904 11243 0
25874 41092 41598 0
1073 37468 39120 0
37468 8121 18830 0
11954 22790 45092 0
10643 14387 207 0
40912 25427 12953 1
18644 1904 25161 1
41598 10643 7102 0
18851 36600 14270 1
31139 24397 27465 0
43941 16566 22598 0
4960 10217 37763 1
12149 8121 29778 1
30361 7138 43414 0
11826 44231 39791 0
18830 8726 39955 0
24244 23330 14345 0
37337 14924 11056 0
11501 41412 41708 0
12025 3858 24397 0
35745 14104 17849 0
41598 7132 4679 0
7102 25325 4901 0
26492 2456 11462 0
4849 4960 4877 0
13900 1732 1829 0
11954 14387 33121 0
41615 39381 15052 0
11501 13900 31053 0
7554 36287 18851 0
40611 193 12146 0
23204 30157 10751 0
23204 39120 12149 0
11501 25662 4977 0
3525 11954 23284 0
23331 15250 31708 0
11954 11188 8441 0
35745 21475 25325 0
28753 37468 22397 0
27047 644 4128 0
31139 8193 836 0
25325 787 32819 0
644 40324 32426 0
12953 18213 44748 0
4679 36287 44409 0
43495 45055 6822 0
39356 18644 33371 0
37337 33602 14232 0
14924 41092 381 0
36287 19687 34917 0
36287 15390 35517 1
14345 22160 14606 0
45055 17479 5482 0
31139 1904 787 0
17479 22397 40912 0
7843 23204 37482 0
44882 37337 14288 0
32513 10643 18900 0
44748 7132 27153 0
28852 31159 40611 0
20615 15250 7651 0
18462 644 31139 0
32336 44231 25427 0
23204 1073 16724 0
26693 34742 24922 0
37337 21234 1212 0
26262 23204 9873 1
17739 27700 4278 1
11979 41092 2424 0
13446 32988 10643 0
44195 14270 21958 0
32633 31139 6521 0
22052 44882 6525 1
38004 23204 40662 0
16144 32819 15390 0
3858 35745 7843 0
44231 16386 44882 0
36600 10751 4686 0
21835 1898 14424 0
39911 31148 43147 1
1123 11501 31159 0
40912 36693 38122 0
33602 14345 3869 0
12953 26755 38637 1
8441 17739 15266 0
12953 26750 10366 0
15957 3884 14104 0
1732 13900 16452 0
17479 45055 28084 0
20548 12149 7772 0
28256 11501 10484 0
44231 13152 4841 0
341 40611 16519 1
34553 2456 35223 0
644 5565 3838 0
12149 36400 33332 0
38263 3884 15844 0
27465 12149 23357 0
38860 2456 42869 0
10643 1225 37337 0
11154 9805 6636 0
22397 9805 3545 0
26755 4960 357 0
19408 44231 20976 1
11159 45123 22195 0
11462 15615 18644 0
644 29714 12924 0
22160 44195 211 1
25427 37085 30591 0
12953 25874 10217 0
41092 14788 35424 1
40912 39120 16566 0
10643 1551 32336 0
7757 20566 1073 0
1212 38258 32633 0
37468 3856 30763 0
12736 14927 16265 0
17739 8441 16261 1
28328 45123 1551 1
32988 13446 24388 0
1904 45055 31744 1
12149 7036 20615 0
15844 33332 17785 0
14606 15844 2774 0
31148 8117 4895 0
25334 18644 114 0
4960 26755 16417 0
31948 7138 39937 0
12924 4960 3296 0
18900 10643 35910 0
12953 29714 5565 0
7843 36287 5566 0
2578 32819 1857 0
39911 34660 12158 0
3545 1898 6061 0
40912 38860 35136 0
3926 22052 36287 1
7772 1499 4960 0
38004 1212 28807 0
43941 12025 3958 0
43930 34742 11958 0
1898 29714 28800 0
44195 25662 11954 0
2261 26504 18462 0
5733 15250 22552 1
22052 35632 44271 0
31948 37085 17739 0
42228 24244 34742 0
40912 26504 4118 1
31139 39791 3505 0
1898 16386 22252 0
39911 7102 25334 0
44231 18213 32664 0
14104 644 14387 0
25325 21574 32988 0
9805 12025 18213 0
22052 15266 16647 0
3926 44195 15328 0
11501 33602 35504 0
211 24244 7014 0
23204 21501 12736 0
39177 40611 24002 0
5482 4960 23791 0
16386 35745 31962 0
14158 5319 1732 0
35745 37910 30543 0
1212 35517 11501 0
15328 6636 37085 0
23955 15844 25635 0
17739 30705 13046 0
39791 31139 18733 0
40912 38998 31961 0
16647 23204 18988 0
4960 39120 12025 0
2261 25635 41615 0
11954 3525 28475 0
31053 1499 38998 0
5260 44231 27700 0
29828 44231 38004 0
11501 6521 29828 0
34742 18830 17104 0
4960 28328 20867 0
10665 17739 1206 1
7138 25635 41971 0
2261 31497 1898 0
28852 26262 35895 0
28807 1898 634 0
31708 644 27629 0
45123 31497 18132 0
15844 14232 29673 0
22373 17739 31148 0
16566 1123 38139 0
44231 20976 26057 0
6061 45055 9601 0
20615 8200 5733 0
13152 44231 9198 0
31139 39402 34660 0
22397 43930 33602 0
1499 23331 26504 0
9198 7138 36400 0
22397 32470 9805 0
8726 38637 28753 1
34742 1829 3926 0
11462 18851 45029 1
25325 42585 17479 1
32336 17739 11826 0
32633 37085 39650 0
7132 26693 21562 1
35745 32470 34710 0
40611 16438 24040 0
15250 28178 4786 0
44231 30157 20566 0
28852 18900 28852 0
37468 39402 39717 0
6636 18644 3856 0
18644 11056 44231 0
5260 31139 341 1
37337 31148 19408 0
30591 40912 17688 0
4686 41615 3858 0
1829 1212 12930 1
4960 16438 22764 0
1898 14924 15615 0
44409 15250 11188 0
11462 25662 37910 0
41832 36287 44195 0
31139 31948 1499 0
38258 1212 27375 0
28096 37085 5261 0
3884 39663 5260 0
35517 1212 29320 1
35632 22052 25662 0
27479 8726 26481 0
44231 14501 29280 0
36600 7843 14576 0
23204 31497 30775 0
36600 25662 1123 1
15328 14232 193 0
14345 21685 39402 1
11501 14606 24573 1
21835 24244 41832 0
20566 39937 11447 1
43495 1732 16386 1
16386 23204 2261 0
12736 12930 42585 0
37085 29714 13900 0
8117 381 21835 0
14345 4679 9526 0
15844 1123 15957 1
24002 13446 39928 0
12149 28490 8121 0
9198 45123 26755 0
1123 16566 2047 0
1551 10643 43627 0
1499 15052 26750 0
22764 17739 42228 0
12736 33602 644 0
33602 37468 28328 0
211 22397 38263 0
12146 36287 28490 0
38860 15844 25874 0
1212 22764 14133 0
37085 34917 32470 0
28852 12146 4104 0
13471 644 1904 0
16144 14158 5130 0
4128 4960 8193 0
14158 11958 21685 0
14387 10643 5702 0
22790 8726 23392 0
14788 1732 39381 0
25161 37085 2685 0
35504 13322 7554 0
45055 4945 14788 0
12149 9805 27878 1
6822 37085 12624 0
3958 40611 12625 0
22052 31744 7003 0
22052 6061 39663 0
1658 16566 29714 0
5566 1898 22880 0
45055 14576 43495 1
39177 36600 29961 0
7003 11154 43941 0
43941 25325 22052 0
20566 207 41609 0
7138 43147 27479 0
1499 19687 30157 0
11154 41609 43930 0
11501 15957 38860 0
6742 12025 38864 0
23204 381 17460 0
3884 18900 14566 0
3884 16724 32120 0
5733 7138 15568 0
21685 14345 13471 0
23204 38998 39356 0
14566 14345 24244 1
5566 31139 26262 0
12146 28852 23200 0
36287 12930 23204 1
8726 32513 22160 0
31139 21958 22373 0
15844 26481 27047 1
11462 21574 8014 0
15250 44409 34553 0
10643 16647 10665 0
44231 5260 45123 0
23204 16261 7757 0
37337 26481 4849 0
30775 39911 3834 0
17288 45055 45058 0
36600 29961 32548 0
13322 11447 45055 0
32819 29828 41412 0
11462 9198 21574 1
10484 9873 35632 0
5482 24244 14501 1
4960 14927 35468 0
39402 37468 20516 0
1857 37337 41092 0
13446 18132 13152 0
1732 41022 21475 0
10217 18644 36693 0
1732 39928 39177 0
32819 32426 23955 0
13152 1898 41081 0
45092 16566 22790 1
26481 17739 7138 1
31139 30705 7036 0
14158 24397 7132 0
7003 44231 3300 1
10643 12624 5319 1
15250 43941 16438 0
34742 28084 21501 0
44231 32336 8117 0
7003 25325 14927 0
15250 14566 1658 0
41919 8117 14924 0
44231 35424 36600 0
7138 28084 26492 0
14345 24002 16144 0
4841 7138 26693 0
25874 37468 30705 0
31139 32664 8200 0
38258 25325 19687 0
6822 11501 2578 1
18644 16417 40324 0
31139 29961 30361 0
23357 32819 8726 0
2424 22880 1225 0
35745 22598 21234 0
17785 12953 20632 0
1898 3545 2456 1
38998 40912 13322 0
1073 39911 39911 0
39177 23204 17288 0
27629 45123 41919 0
13322 27153 38585 0
22052 3858 4945 0
33332 11501 11154 0
12625 14158 28256 0
21958 31139 31497 0
9805 22397 13446 0
41615 21562 11159 0
37337 23330 41022 0
14345 14566 38258 0
16265 28852 28096 0
16724 3884 29651 0
25325 21562 6048 0
12736 31708 14164 0
1732 14164 23330 1
44231 5733 23331 0
34742 44271 11979 0
41615 12146 3525 0
23204 33371 37468 0
11954 4895 3884 0
40912 42228 15250 0
32819 7003 28178 0
13446 20615 35745 0
20632 644 14158 0
36287 7554 6742 0
24244 14164 31948 0
1732 22764 20548 0
39650 37085 27106 0
39120 8726 32513 0
33332 22880 11243 0
644 18462 41598 0
39717 24244 39120 0
14158 44748 18830 0
13446 15957 45092 0
1225 45123 207 0
14501 17739 12953 1
18644 30361 25161 1
17739 22764 7102 0
15568 37085 14270 1
17785 1732 27465 0
20566 38998 22598 0
2261 28800 37763 1
12146 41615 29778 1
40611 31148 43414 0
44231 39650 39791 0
37085 35504 39955 0
40912 30157 14345 0
7102 34742 11056 0
22052 20615 41708 0
17479 34742 24397 0
14345 32633 17849 0
1898 1206 4679 0
45123 27629 4901 0
5702 7132 11462 0
11501 37763 4877 0
41615 24040 1829 0
31148 8726 33121 0
3838 40912 15052 0
21475 41092 31053 0
10366 28852 18851 0
10217 40912 12146 0
28084 7138 10751 0
18644 5482 12149 0
37468 38263 4977 0
31961 28852 23284 0
27629 1732 31708 0
10643 15052 8441 0
8117 3856 25325 0
41092 21475 22397 0
17849 22880 4128 0
39911 41598 836 0
5261 23204 32819 0
16724 37085 32426 0
39717 35745 44748 0
22880 17288 44409 0
12025 7772 6822 0
33602 15250 33371 0
7132 11826 14232 0
1212 41022 381 0
31159 14158 34917 0
14566 45055 35517 1
39791 14345 14606 0
32513 16566 5482 0
4977 41092 787 0
45055 4849 40912 0
41092 634 37482 0
1499 7772 14288 0
40611 17460 18900 0
20566 836 27153 0
25325 39791 40611 0
1732 15568 7651 0
21958 41615 31139 0
13446 12625 25427 0
18644 6636 16724 0
40912 28807 24922 0
25635 2261 1212 0
1212 1829 9873 1
3884 27700 4278 1
26693 24244 2424 0
15250 16417 10643 0
44231 20548 21958 0
8726 41919 6521 0
1904 18644 6525 1
18132 13446 40662 0
8200 3958 15390 0
15250 35424 7843 0
16261 11462 44882 0
8726 24388 4686 0
2261 15266 14424 0
34742 43930 43147 1
20867 1212 31159 0
37468 29320 38122 0
17849 1732 3869 0
3869 44195 38637 1
36287 25161 15266 0
4960 18213 10366 0
45123 25334 14104 0
20516 10484 16452 0
17739 8014 28084 0
13322 17849 7772 0
32988 37468 10484 0
15844 23955 4841 0
2047 7138 16519 1
43495 36287 35223 0
20566 19687 3838 0
45055 5482 33332 0
41832 11154 15844 0
45029 14345 23357 0
37085 32664 42869 0
29651 1732 37337 0
14104 15328 6636 0
17479 12149 3545 0
22880 7757 357 0
644 3834 20976 1
25325 6822 22195 0
34742 31962 18644 0
45092 44231 12924 0
10217 4960 211 1
25874 12953 30591 0
44231 11826 10217 0
9526 15844 35424 1
5319 14158 16566 0
44195 16438 32336 0
28852 29320 1073 0
36287 41832 32633 0
2261 13471 30763 0
193 15844 16265 0
31744 644 16261 1
8200 12924 1551 1
44195 4841 24388 0
24244 7757 31744 1
14576 1898 20615 0
22880 9601 17785 0
7651 35745 2774 0
31159 45123 4895 0
1499 14576 114 0
28328 4960 16417 0
12736 3545 39937 0
25874 35745 3296 0
20976 1499 35910 0
32426 32819 5565 0
3856 35745 5566 0
1499 114 1857 0
28256 45123 12158 0
35895 8117 6061 0
39663 11501 35136 0
10643 26492 36287 1
21574 16566 4960 0
3926 31139 28807 0
23204 24573 3958 0
8117 41919 11958 0
31948 1212 28800 0
8117 24388 11954 0
25325 8441 18462 0
36287 7014 22552 1
8726 40662 44271 0
16566 26755 17739 0
22052 14288 34742 0
35745 7651 4118 1
341 10643 3505 0
30705 2456 22252 0
35745 16386 25334 0
8014 17739 32664 0
1212 27878 14387 0
13446 357 32988 0
7651 18644 18213 0
14158 31053 16647 0
32819 22252 15328 0
3525 12149 35504 0
7132 17688 7014 0
45123 4128 12736 0
22880 37910 24002 0
32633 34742 23791 0
34742 23357 31962 0
23330 13446 1732 0
8117 1829 30543 0
8200 11447 11501 0
28800 44231 37085 0
17739 16519 25635 0
16566 6048 13046 0
12736 16417 18733 0
17739 22373 31961 0
39120 23204 18988 0
4104 1898 12025 0
30361 44195 41615 0
2685 11501 28475 0
41615 21958 38998 0
7102 39911 27700 0
211 12736 38004 0
1212 1904 29828 0
20976 41092 17104 0
25635 37085 20867 0
23204 43147 1206 1
4104 8726 41971 0
45123 9198 1898 0
8726 4786 35895 0
644 7843 634 0
37085 25161 27629 0
16144 1212 18132 0
24244 42228 29673 0
21562 644 31148 0
4960 39381 38139 0
20615 13446 26057 0
43930 8117 9601 0
14164 644 5733 0
35895 10484 9198 0
39911 35517 34660 0
4960 12924 33602 0
22160 14345 26504 0
39937 20566 36400 0
6636 15328 9805 0
12025 4128 28753 1
2456 28753 3926 0
22598 37468 45029 1
27153 45123 17479 1
31962 1732 11826 0
11954 14164 39650 0
1857 24244 21562 1
24002 14345 34710 0
5733 12149 24040 0
12025 33332 4786 0
43627 41615 20566 0
18900 11154 28852 0
13446 31497 39717 0
7138 38585 3856 0
44231 15615 44231 0
3958 8200 341 1
40611 15615 19408 0
13322 21685 17688 0
11501 27629 3858 0
31139 2047 12930 1
44195 22373 22764 0
7003 20566 15615 0
28256 39911 11188 0
8200 27153 37910 0
13471 37468 44195 0
34553 18644 1499 0
11501 7003 27375 0
37763 11501 5261 0
41598 13322 5260 0
1212 38004 29320 1
35745 14133 25662 0
27153 1212 26481 0
41708 11462 29280 0
12158 2261 14576 0
18644 30763 30775 0
15250 33602 1123 1
11243 32819 193 0
7014 2456 39402 1
2456 5733 24573 1
644 14164 41832 0
15844 11979 11447 1
12025 31962 16386 1
37763 16566 2261 0
38637 23204 42585 0
13322 39177 13900 0
16386 45123 21835 0
6636 44231 9526 0
4786 15250 15957 1
20516 22052 39928 0
4960 33332 8121 0
12736 10366 26755 0
3856 37468 2047 0
3296 4960 43627 0
5482 18644 26750 0
37337 1123 42228 0
11826 12953 644 0
29651 16566 28328 0
10484 6061 38263 0
4686 41092 28490 0
28852 12158 25874 0
23204 5733 14133 0
44271 25325 32470 0
12149 31962 4104 0
9198 13446 1904 0
207 39911 5130 0
26504 2456 8193 0
5702 41615 21685 0
8121 12149 5702 0
38998 16566 23392 0
14345 22373 39381 0
34660 39911 2685 0
32819 15266 7554 0
36600 23955 14788 0
4118 40912 27878 1
37337 35517 12624 0
25635 7138 12625 0
16566 25874 7003 0
18830 7132 39663 0
40912 28256 29714 0
13322 3926 22880 0
6636 2261 43495 1
22373 41615 29961 0
4786 8726 43941 0
7651 28852 22052 0
12736 22790 41609 0
13322 17785 27479 0
2261 2774 30157 0
1212 37910 43930 0
45055 45092 38860 0
12930 13322 38864 0
24244 35136 17460 0
11154 30591 14566 0
7132 5702 32120 0
9601 41615 15568 0
14924 37337 13471 0
4977 4960 39356 0
2047 41092 24244 1
36287 11826 26262 0
40611 26492 23200 0
1732 31708 23204 1
14345 31744 22160 0
14606 39911 22373 0
11056 11501 27047 1
36693 32819 8014 0
36287 1658 34553 0
41092 2047 10665 0
25334 22397 45123 0
36600 1123 7757 0
7138 21958 4849 0
12930 15844 3834 0
16566 20516 45058 0
15266 22397 32548 0
7132 44748 45055 0
12736 1551 41412 0
23204 16647 21574 1
11501 34917 35632 0
16566 21574 14501 1
13446 28807 35468 0
3884 44882 20516 0
35504 31139 41092 0
33371 44195 13152 0
8117 21562 21475 0
16724 2261 36693 0
39911 357 39177 0
14158 1225 23955 0
15250 45029 41081 0
37468 25874 22790 1
26481 15844 7138 1
4104 10484 7036 0
29280 36600 7132 0
30775 40912 3300 1
39911 12625 5319 1
27047 45055 16438 0
45055 24388 21501 0
37468 17479 8117 0
3525 39911 14927 0
37337 45092 1658 0
22764 1212 14924 0
28475 644 36600 0
12025 29280 26492 0
1898 11979 16144 0
11501 11056 26693 0
39381 10484 30705 0
787 41615 8200 0
35745 31148 19687 0
19687 20566 2578 1
1904 1212 40324 0
7554 41615 30361 0
25325 1123 8726 0
40662 41092 1225 0
27700 3884 21234 0
11462 357 20632 0
40611 29673 2456 1
17479 37468 13322 0
22052 8193 39911 0
16265 37337 17288 0
13446 38139 41919 0
12736 5733 38585 0
3958 41092 4945 0
8117 28096 11154 0
27629 44195 28256 0
8117 35895 31497 0
28852 25334 13446 0
31948 31139 11159 0
634 11462 41022 0
32336 4960 38258 0
43941 23204 28096 0
16519 12953 29651 0
44195 5702 6048 0
3834 644 14164 0
15328 17104 23330 1
21234 37337 23331 0
15844 13046 11979 0
31139 44409 3525 0
25427 22880 37468 0
45123 17479 3884 0
36287 29714 15250 0
39663 10484 28178 0
31139 381 35745 0
12953 35632 14158 0
3300 12953 6742 0
17785 13322 31948 0
1898 22373 20548 0
39650 44231 27106 0
32426 34742 32513 0
39650 35745 11243 0
31708 12025 41598 0
41615 4686 39120 0
31708 1732 18830 0
12953 17785 45092 0
37468 26262 207 0
38860 37337 12953 1
21958 7138 25161 1
26693 13446 7102 0
20516 22880 14270 1
11501 28256 27465 0
28807 25325 22598 0
14232 12736 37763 1
25334 45123 29778 1
28852 44271 43414 0
16566 41919 39791 0
8726 31148 39955 0
23204 31744 14345 0
35136 13322 11056 0
22397 25334 41708 0
35504 37085 24397 0
22397 211 17849 0
13046 15328 4679 0
29778 8726 4901 0
38998 23204 11462 0
644 29778 4877 0
22880 20516 1829 0
43147 12953 33121 0
34742 39381 15052 0
381 39911 31053 0
2261 27465 18851 0
5260 15844 12146 0
28490 12149 10751 0
8117 4686 12149 0
31139 30591 4977 0
8726 31497 23284 0
41615 787 31708 0
2685 2261 8441 0
13322 6525 25325 0
26755 16566 22397 0
23330 8117 4128 0
11954 9526 836 0
2456 22195 32819 0
41092 28807 32426 0
25427 14158 44748 0
31139 35504 44409 0
44231 26481 6822 0
40912 31961 33371 0
44231 38637 14232 0
10484 20548 381 0
15250 34660 34917 0
18213 4960 35517 1
7036 18644 14606 0
3884 5261 5482 0
20566 6048 787 0
35745 27479 40912 0
11958 14158 37482 0
27479 8117 14288 0
45055 11159 18900 0
10484 32513 27153 0
23204 43941 40611 0
32513 34742 7651 0
6822 41615 31139 0
32664 22397 25427 0
31139 16386 16724 0
31159 28852 24922 0
45123 11159 1212 0
10217 3884 9873 1
22598 13446 4278 1
40611 8121 2424 0
44231 15052 10643 0
11501 1123 21958 0
34742 32633 6521 0
9873 15844 6525 1
12736 15266 40662 0
14345 32470 15390 0
12625 45055 7843 0
24244 3858 44882 0
3884 28800 4686 0
13446 28328 14424 0
13322 42228 43147 1
15052 15250 31159 0
17739 10665 38122 0
28490 39911 3869 0
24244 14501 38637 1
26481 37337 15266 0
836 37468 10366 0
25334 3884 14104 0
40611 22252 16452 0
13322 35136 28084 0
12025 21835 7772 0
1499 25334 10484 0
37468 44882 4841 0
6048 16566 16519 1
16519 12736 35223 0
2456 23200 3838 0
40912 24040 33332 0
14345 39791 15844 0
44882 37468 23357 0
28852 16265 42869 0
11954 8121 37337 0
5733 44231 6636 0
2261 1857 3545 0
26057 32819 357 0
1212 20867 20976 1
13471 45055 22195 0
14288 17739 18644 0
22790 36287 12924 0
23200 37085 211 1
45123 16519 30591 0
13446 32548 10217 0
14927 32819 35424 1
15266 12736 16566 0
8117 17288 32336 0
35745 3858 1073 0
13471 1499 32633 0
10643 4895 30763 0
40912 30775 16265 0
30775 40611 16261 1
44231 3545 1551 1
11154 30543 24388 0
1732 10217 31744 1
7138 6048 20615 0
1732 3858 17785 0
14345 1904 2774 0
38637 8726 4895 0
43147 7138 114 0
39791 25325 16417 0
2261 12158 39937 0
15615 40611 3296 0
8200 6525 35910 0
39120 31139 5565 0
44231 6636 5566 0
1499 20976 1857 0
1212 1073 12158 0
26504 40912 6061 0
23204 16438 35136 0
25427 2456 36287 1
45055 43495 4960 0
26057 15328 28807 0
4960 4849 3958 0
27700 17739 11958 0
12158 18644 28800 0
23204 12158 11954 0
24244 26693 18462 0
4960 13046 22552 1
39911 22790 44271 0
21475 37468 17739 0
634 41092 34742 0
37085 4977 4118 1
16144 11154 3505 0
8726 27479 22252 0
4960 7843 25334 0
7651 17739 32664 0
4877 22880 14387 0
37085 27700 32988 0
14158 5130 18213 0
37337 3505 16647 0
4960 5482 15328 0
8117 18213 35504 0
16144 15250 7014 0
37337 1857 12736 0
31497 22880 24002 0
2261 114 23791 0
30543 8117 31962 0
20516 16566 1732 0
22790 12736 30543 0
644 12625 11501 0
35745 3856 37085 0
11501 6061 25635 0
7138 357 13046 0
18988 44195 18733 0
25427 644 31961 0
15957 28852 18988 0
45055 9873 12025 0
35745 39650 41615 0
11501 33332 28475 0
6822 25325 38998 0
22880 207 27700 0
8726 29778 38004 0
44195 18988 29828 0
38139 36287 17104 0
644 20632 20867 0
1898 44271 1206 1
37468 1073 41971 0
22880 9805 1898 0
26492 22052 35895 0
8726 5261 634 0
16566 3834 27629 0
11979 15844 18132 0
41092 14104 29673 0
2456 114 31148 0
32470 28852 38139 0
5702 644 26057 0
37085 25635 9601 0
1212 3296 5733 0
26750 12953 9198 0
39381 41615 34660 0
24388 45055 33602 0
31497 2261 26504 0
1732 5319 36400 0
22397 15266 9805 0
30763 11154 28753 1
19687 37337 3926 0
30157 23204 45029 1
32470 7138 17479 1
2456 30705 11826 0
8117 22598 39650 0
15615 11462 21562 1
23204 6061 34710 0
6061 11501 24040 0
39791 1732 4786 0
15957 44195 20566 0
22397 39650 28852 0
1898 27700 39717 0
26492 18644 3856 0
8200 2424 44231 0
644 15568 341 1
15328 7036 19408 0
11154 26481 17688 0
31744 23204 3858 0
4841 44195 12930 1
31139 28328 22764 0
20566 14788 15615 0
18644 25161 11188 0
20566 1658 37910 0
44882 3884 44195 0
9805 2261 1499 0
12149 207 27375 0
22552 39911 5261 0
37468 22598 5260 0
36287 27375 29320 1
14158 12625 25662 0
16386 11154 26481 0
41092 4686 29280 0
4679 45055 14576 0
11154 16386 30775 0
5733 35745 1123 1
34742 14501 193 0
1212 28084 39402 1
22052 39381 24573 1
37468 3525 41832 0
644 31708 11447 1
32470 35745 16386 1
15250 16144 2261 0
1732 17849 42585 0
5566 24244 13900 0
44409 31139 21835 0
11462 22252 9526 0
11159 45055 15957 1
12025 39663 39928 0
7757 24244 8121 0
22052 27153 26755 0
29714 12953 2047 0
22252 16566 43627 0
36287 14104 26750 0
39402 11954 42228 0
37085 39381 644 0
35632 12953 28328 0
15250 41598 38263 0
41022 1732 28490 0
45058 8726 25874 0
9601 22052 14133 0
35517 15328 32470 0
4895 1499 4104 0
25325 6525 1904 0
35745 35424 5130 0
34742 27465 8193 0
2456 34553 21685 0
7132 15266 5702 0
41615 38139 23392 0
1898 32120 39381 0
8200 32988 2685 0
35910 45123 7554 0
4901 45123 14788 0
22252 11462 27878 1
11154 21475 12624 0
12149 341 12625 0
31139 29320 7003 0
17288 8117 39663 0
18213 44231 29714 0
3525 25325 22880 0
22880 28084 43495 1
13446 26693 29961 0
3958 37468 43941 0
29961 40611 22052 0
4901 8117 41609 0
1499 11447 27479 0
13446 15390 30157 0
45123 35910 43930 0
18462 7138 38860 0
6525 22397 38864 0
4841 13322 17460 0
3838 18644 14566 0
39381 4960 32120 0
31053 39911 15568 0
44195 14288 13471 0
21958 8117 39356 0
28807 41092 24244 1
7772 12025 26262 0
25662 11462 23200 0
15266 2261 23204 1
23392 14158 22160 0
1898 13152 22373 0
38864 25325 27047 1
3834 16566 8014 0
2456 25427 34553 0
36600 27878 10665 0
23284 4960 45123 0
12953 39120 7757 0
13900 11501 4849 0
36693 40912 3834 0
43930 39911 45058 0
29280 45055 32548 0
44195 3869 45055 0
22598 4960 41412 0
34710 644 21574 1
30543 11154 35632 0
22880 2424 14501 1
8726 15390 35468 0
36600 16265 20516 0
22373 10484 41092 0
22195 8200 13152 0
1123 37337 21475 0
13446 23330 36693 0
20566 9526 39177 0
23204 12924 23955 0
28753 23204 41081 0
31497 37337 22790 1
20566 21234 7138 1
12953 9873 7036 0
27700 11954 7132 0
32548 44231 3300 1
15390 36287 5319 1
13446 22598 16438 0
357 39911 21501 0
4960 4877 8117 0
35745 4977 14927 0
44748 14158 1658 0
44231 32664 14924 0
22397 28753 36600 0
25334 1499 26492 0
21501 25325 16144 0
10484 25662 26693 0
41022 18644 30705 0
17288 23204 8200 0
18644 39356 19687 0
39928 10643 2578 1
14345 23392 40324 0
44231 28096 30361 0
41615 7554 8726 0
23204 28096 1225 0
4960 22598 21234 0
39911 45029 20632 0
6636 23204 2456 1
27878 1499 13322 0
32819 36693 39911 0
13446 9198 17288 0
12025 1658 41919 0
4679 8200 38585 0
15328 13046 4945 0
4877 23204 11154 0
21574 25325 28256 0
17288 37085 31497 0
27700 8200 13446 0
11954 22373 11159 0
14158 35223 41022 0
1551 34742 38258 0
9601 31139 28096 0
31159 10643 29651 0
37337 16724 6048 0
5733 2456 14164 0
12953 5702 23330 1
1898 43414 23331 0
4895 11954 11979 0
45123 4849 3525 0
11159 1732 37468 0
3834 22397 3884 0
15568 13322 15250 0
28807 40912 28178 0
17288 22880 35745 0
44195 4104 14158 0
4686 7138 6742 0
44882 7138 31948 0
25325 1073 20548 0
16566 32513 27106 0
14158 31159 32513 0
7772 1732 11243 0
10484 4104 41598 0
14387 11954 39120 0
45055 33332 18830 0
6061 11462 45092 0
8117 38263 207 0
41919 8726 12953 1
36287 7843 25161 1
7138 4686 7102 0
37468 32988 14270 1
13152 11954 27465 0
11462 16261 22598 0
45055 6521 37763 1
8726 19687 29778 1
26492 10643 43414 0
34742 13152 39791 0
8117 32988 39955 0
12736 40324 14345 0
16438 4960 11056 0
40611 39177 41708 0
14164 11954 24397 0
33602 11501 17849 0
15328 16724 4679 0
8117 25334 4901 0
5261 3884 11462 0
44195 22160 4877 0
27465 2261 1829 0
22598 35745 33121 0
14576 13446 15052 0
21562 36287 31053 0
3884 2685 18851 0
18213 8117 12146 0
11447 13322 10751 0
14576 1499 12149 0
10643 18900 4977 0
20516 25325 23284 0
27465 34742 31708 0
11462 1904 8441 0
15052 20566 25325 0
11954 4128 22397 0
28178 15250 4128 0
11462 211 836 0
30361 18644 32819 0
13471 2261 32426 0
7651 1499 44748 0
21475 35745 44409 0
11501 5733 6822 0
13446 28178 33371 0
40912 15390 14232 0
1898 14270 381 0
45055 29778 34917 0
33602 44231 35517 1
24244 2424 14606 0
2456 26492 5482 0
30591 2456 787 0
37337 14387 40912 0
18644 12158 37482 0
4960 19687 14288 0
1898 6822 18900 0
12924 644 27153 0
17739 26481 40611 0
1212 8193 7651 0
6061 10484 31139 0
357 11462 25427 0
341 11501 16724 0
4960 17104 24922 0
16265 41092 1212 0
16386 44231 9873 1
14164 12025 4278 1
11462 14232 2424 0
28096 23204 10643 0
41412 10643 21958 0
41092 4679 6521 0
22052 28490 6525 1
10484 27629 40662 0
12149 29778 15390 0
12625 28852 7843 0
10751 36600 44882 0
24922 37468 4686 0
11462 16452 14424 0
11501 6822 43147 1
6636 31139 31159 0
34742 17479 38122 0
15250 30361 3869 0
1658 7138 38637 1
35424 1898 15266 0
7138 39717 10366 0
14387 37337 14104 0
2578 13446 16452 0
13046 4960 28084 0
3545 44231 7772 0
36600 29280 10484 0
25325 20516 4841 0
15250 5733 16519 1
45123 28328 35223 0
17739 7651 3838 0
25635 45123 33332 0
14788 18644 15844 0
10484 39663 23357 0
15052 1499 42869 0
32336 1212 37337 0
24397 36287 6636 0
7843 644 3545 0
19408 37468 357 0
27153 8200 20976 1
16519 13322 22195 0
32426 37337 18644 0
45123 39381 12924 0
24922 11154 211 1
14576 35745 30591 0
45123 31159 10217 0
16566 39791 35424 1
35223 8200 16566 0
34917 1499 32336 0
36600 22160 1073 0
15266 32819 32633 0
13446 4901 30763 0
20566 40662 16265 0
2685 18644 16261 1
32336 20566 1551 1
45092 45055 24388 0
17739 20615 31744 1
3838 10643 20615 0
36287 43495 17785 0
2456 22552 2774 0
14164 37468 4895 0
17739 4278 114 0
7138 5260 16417 0
644 27047 39937 0
37085 21501 3296 0
37337 18900 35910 0
32819 14927 5565 0
45055 39650 5566 0
35745 381 1857 0
16144 4960 12158 0
41092 11979 6061 0
7138 32470 35136 0
8193 31139 36287 1
4977 28852 4960 0
114 2261 28807 0
644 14104 3958 0
3838 14345 11958 0
28852 18830 28800 0
193 1732 11954 0
9873 45055 18462 0
37085 39650 22552 1
44882 8726 44271 0
34742 32426 17739 0
4849 16566 34742 0
35517 12953 4118 1
3858 12025 3505 0
1898 14576 22252 0
38998 20566 25334 0
14345 3838 32664 0
24922 40611 14387 0
39402 31139 32988 0
41615 22373 18213 0
1212 13900 16647 0
40611 19408 15328 0
15052 37468 35504 0
4945 45055 7014 0
8200 10665 12736 0
12930 15250 24002 0
8121 40611 23791 0
22880 18851 31962 0
20566 7757 1732 0
23204 5261 30543 0
14158 17688 11501 0
12924 8200 37085 0
28328 14158 25635 0
12149 27465 13046 0
29320 28852 18733 0
15568 20566 31961 0
10217 1732 18988 0
39120 12953 12025 0
1212 31948 41615 0
2774 2261 28475 0
40662 8726 38998 0
14345 27375 27700 0
22764 1732 38004 0
40912 30591 29828 0
29714 41615 17104 0
4960 14288 20867 0
41092 42228 1206 1
20548 644 41971 0
45055 29280 1898 0
16519 45123 35895 0
14158 30543 634 0
34917 12025 27629 0
40611 30775 18132 0
15844 3525 29673 0
32633 24244 31148 0
41615 4945 38139 0
37085 25874 26057 0
4960 2047 9601 0
39356 12953 5733 0
4686 8117 9198 0
13322 15568 34660 0
44231 9526 33602 0
13446 3958 26504 0
28178 1212 36400 0
18644 21835 9805 0
39911 12146 28753 1
1551 12736 3926 0
1732 3300 45029 1
3545 14345 17479 1
43495 22052 11826 0
41092 20976 39650 0
44231 45092 21562 1
14288 22397 34710 0
3505 37337 24040 0
28753 8200 4786 0
12025 12924 20566 0
31139 3926 28852 0
23331 1499 39717 0
32988 12149 3856 0
17739 4118 44231 0
1499 4895 341 1
28852 12625 19408 0
4849 41615 17688 0
4960 341 3858 0
7132 836 12930 1
1732 27700 22764 0
27878 36600 15615 0
27465 40912 11188 0
41081 1212 37910 0
11462 13152 44195 0
31962 40611 1499 0
8193 1212 27375 0
23204 26262 5261 0
19408 40611 5260 0
30157 32819 29320 1
15844 38860 25662 0
37085 35223 26481 0
1073 25325 29280 0
32988 8117 14576 0
8193 22052 30775 0
29961 36600 1123 1
44231 32548 193 0
22397 25874 39402 1
37337 38860 24573 1
31962 12025 41832 0
22790 39911 11447 1
3926 40611 16386 1
13322 16519 2261 0
19687 4960 42585 0
787 45123 13900 0
211 11462 21835 0
45029 23204 9526 0
12624 10643 15957 1
2456 4786 39928 0
22397 14288 8121 0
14133 25325 26755 0
37468 19408 2047 0
10643 31159 43627 0
15844 35468 26750 0
23200 8726 42228 0
41092 3869 644 0
13046 15844 28328 0
1073 1212 38263 0
14501 34742 28490 0
5130 37337 25874 0
15328 37482 14133 0
15328 41708 32470 0
45123 31948 4104 0
16438 44195 1904 0
15568 4960 5130 0
12736 24040 8193 0
32120 1898 21685 0
42228 20566 5702 0
45123 1225 23392 0
8117 5565 39381 0
16386 1898 2685 0
34742 2685 7554 0
31961 40912 14788 0
39791 22880 27878 1
37337 5130 12624 0
10643 27465 12625 0
18900 3884 7003 0
4901 13446 39663 0
37910 16566 29714 0
16438 40611 22880 0
2047 31139 43495 1
13322 33121 29961 0
45123 41609 43941 0
15568 1732 22052 0
36287 26750 41609 0
17739 3300 27479 0
43941 7132 30157 0
23204 39791 43930 0
11154 18900 38860 0
31139 6636 38864 0
10484 28084 17460 0
7138 23330 14566 0
21562 8117 32120 0
45123 4901 15568 0
25325 23331 13471 0
18132 15250 39356 0
15250 20615 24244 1
25325 3525 26262 0
17849 13322 23200 0
35745 13046 23204 1
7138 22552 22160 0
29651 11462 22373 0
6521 11501 27047 1
38585 16566 8014 0
11154 24922 34553 0
10366 1499 10665 0
30763 1499 45123 0
22052 5482 7757 0
31948 45123 4849 0
4960 3296 3834 0
14158 27375 45058 0
14788 12025 32548 0
24244 32633 45055 0
24040 40912 41412 0
14501 13322 21574 1
24040 36287 35632 0
40611 2578 14501 1
25334 28852 35468 0
25325 28256 20516 0
1732 29651 41092 0
41092 16265 13152 0
31708 10484 21475 0
14270 1898 36693 0
44271 1898 39177 0
45029 14158 23955 0
12149 7843 41081 0
634 31139 22790 1
1904 14345 7138 1
32426 20566 7036 0
45123 21685 7132 0
33371 23204 3300 1
12149 22552 5319 1
4278 36287 16438 0
7138 1658 21501 0
2261 17104 8117 0
41615 6822 14927 0
4977 2261 1658 0
27375 14345 14924 0
14158 26492 36600 0
41832 16566 26492 0
14288 1499 16144 0
18644 41022 26693 0
4128 11954 30705 0
28852 41708 8200 0
11154 41832 19687 0
15052 10643 2578 1
41971 16566 40324 0
22397 17479 30361 0
3525 37468 8726 0
8200 16261 1225 0
36287 24040 21234 0
21685 16566 20632 0
787 15844 2456 1
19687 40611 13322 0
11154 15615 39911 0
11154 29651 17288 0
21475 11154 41919 0
10484 35895 38585 0
7132 14576 4945 0
22252 1732 11154 0
1829 39911 28256 0
27153 13322 31497 0
15250 15052 13446 0
4849 45055 11159 0
4278 17739 41022 0
1857 2261 38258 0
10484 22373 28096 0
24397 644 29651 0
45055 17288 6048 0
644 23791 14164 0
8200 35223 23330 1
37468 31948 23331 0
34660 15250 11979 0
25161 13446 3525 0
31053 14158 37468 0
15390 40912 3884 0
11501 193 15250 0
14288 4960 28178 0
19408 24244 35745 0
18851 14345 14158 0
15957 7132 6742 0
40662 20566 31948 0
15328 35517 20548 0
11826 7132 27106 0
22052 16265 32513 0
24244 4786 11243 0
12953 16519 41598 0
39356 34742 39120 0
12025 34917 18830 0
29320 31139 45092 0
24397 31139 207 0
26262 28852 12953 1
18644 34553 25161 1
22052 38585 7102 0
25325 28807 14270 1
22397 2774 27465 0
44231 4841 22598 0
39791 23204 37763 1
18851 22880 29778 1
13152 34742 43414 0
5130 14158 39791 0
37085 25427 39955 0
13322 5260 14345 0
22397 6525 11056 0
11826 31139 41708 0
30591 31139 24397 0
40611 7757 17849 0
14158 16144 4679 0
381 8117 4901 0
20976 39911 11462 0
31708 12736 4877 0
36287 21562 1829 0
12953 22552 33121 0
22052 3926 15052 0
13446 16647 31053 0
44231 32426 18851 0
12736 6048 12146 0
28800 2261 10751 0
22552 2456 12149 0
39663 3884 4977 0
31744 15328 23284 0
4278 40611 31708 0
38637 44231 8441 0
4960 17460 25325 0
22880 31497 22397 0
40611 1123 4128 0
1499 27465 836 0
23357 11954 32819 0
28852 18462 32426 0
27629 10484 44748 0
14387 32819 44409 0
12953 35517 6822 0
10643 341 33371 0
11954 22764 14232 0
11979 39911 381 0
22790 15844 34917 0
7772 32819 35517 1
23357 34742 14606 0
45055 22598 5482 0
26262 37468 787 0
13046 35745 40912 0
40611 34660 37482 0
45055 13471 14288 0
28852 34660 18900 0
2456 30591 27153 0
23331 25325 40611 0
14158 25427 7651 0
12953 3926 31139 0
4895 20566 25427 0
13322 45029 16724 0
27700 1732 24922 0
8441 37337 1212 0
31139 39120 9873 1
10643 28490 4278 1
16417 15250 2424 0
12025 12158 10643 0
11154 7003 21958 0
4679 40611 6521 0
37910 18644 6525 1
8200 23392 40662 0
39177 8117 15390 0
15957 1898 7843 0
4786 2456 44882 0
20548 18644 4686 0
41092 3858 14424 0
12025 31708 43147 1
39650 22880 31159 0
18644 3838 38122 0
24040 25325 3869 0
45092 37337 38637 1
31744 14345 15266 0
14606 37337 10366 0
2456 7014 14104 0
3884 15957 16452 0
43941 15250 28084 0
31708 35745 7772 0
12625 644 10484 0
9601 22880 4841 0
5261 8726 16519 1
41598 644 35223 0
39911 31053 3838 0
34660 40611 33332 0
7132 18830 15844 0
22764 11954 23357 0
25334 36287 42869 0
25325 27153 37337 0
644 4686 6636 0
3858 24244 3545 0
39911 28490 357 0
16438 32819 20976 1
24922 7132 22195 0
28852 7651 18644 0
2685 3884 12924 0
9805 22880 211 1
44195 27629 30591 0
2261 9805 10217 0
3884 10217 35424 1
30157 40912 16566 0
24040 41615 32336 0
40611 24922 1073 0
10643 3838 32633 0
14345 22252 30763 0
39911 381 16265 0
15844 22790 16261 1
341 4960 1551 1
32819 16438 24388 0
11501 27878 31744 1
13322 32513 20615 0
16566 41832 17785 0
16724 37337 2774 0
33332 15844 4895 0
2774 31139 114 0
11954 11979 16417 0
44231 33602 39937 0
8200 27700 3296 0
34553 11154 35910 0
15957 11501 5565 0
29828 1732 5566 0
14924 1499 1857 0
28084 37085 12158 0
19687 1499 6061 0
10643 14501 35136 0
31962 12149 36287 1
1732 29828 4960 0
1732 193 28807 0
3869 22397 3958 0
4679 40912 11958 0
11954 13152 28800 0
41919 4960 11954 0
13046 10484 18462 0
6521 7132 22552 1
30763 18644 44271 0
25662 11501 17739 0
35745 21501 34742 0
5733 23204 4118 1
23204 45029 3505 0
32819 10217 22252 0
35223 14158 25334 0
32513 10484 32664 0
29651 11154 14387 0
17739 39356 32988 0
2261 4977 18213 0
22052 38263 16647 0
5565 644 15328 0
31497 8726 35504 0
3505 24244 7014 0
2456 6525 12736 0
37468 10665 24002 0
41832 11462 23791 0
30591 11154 31962 0
11501 24388 1732 0
4960 41919 30543 0
45123 787 11501 0
1732 43930 37085 0
27153 22052 25635 0
1499 30763 13046 0
28256 22052 18733 0
2456 18213 31961 0
11447 8200 18988 0
11979 11954 12025 0
27878 3884 41615 0
11154 30763 28475 0
27479 13322 38998 0
8726 22790 27700 0
3869 41092 38004 0
644 21234 29828 0
1123 15844 17104 0
35745 4945 20867 0
40912 38122 1206 1
11056 18644 41971 0
1206 1898 1898 0
14288 44195 35895 0
7843 2456 634 0
26693 45055 27629 0
26492 40611 18132 0
21234 20566 29673 0
11462 14104 31148 0
12025 14788 38139 0
8117 31148 26057 0
8193 13446 9601 0
1732 22252 5733 0
34742 26693 9198 0
32470 22397 34660 0
21234 25325 33602 0
7138 9198 26504 0
15328 10665 36400 0
15568 1898 9805 0
27153 25325 28753 1
14345 17688 3926 0
5319 1732 45029 1
14232 15328 17479 1
7757 40611 11826 0
20566 7003 39650 0
31148 40611 21562 1
17479 45123 34710 0
7132 43941 24040 0
13446 2578 4786 0
44195 3926 20566 0
37468 14164 28852 0
28852 32470 39717 0
1499 34917 3856 0
41615 26057 44231 0
12025 43941 341 1
17288 34742 19408 0
11954 27700 17688 0
37337 32426 3858 0
28475 2456 12930 1
28753 11501 22764 0
12736 211 15615 0
36693 41615 11188 0
13446 42869 37910 0
10665 15328 44195 0
28852 14606 1499 0
1123 40611 27375 0
7036 12149 5261 0
1829 34742 5260 0
5260 7138 29320 1
644 20548 25662 0
22397 30543 26481 0
36287 38139 29280 0
24244 5482 14576 0
11501 341 30775 0
7132 39955 1123 1
12146 11954 193 0
644 5702 39402 1
14232 15844 24573 1
37468 26481 41832 0
10665 44195 11447 1
39911 1073 16386 1
12146 39911 2261 0
43930 22397 42585 0
11954 23357 13900 0
9873 1732 21835 0
5733 11501 9526 0
12149 12924 15957 1
13322 34917 39928 0
4686 644 8121 0
36287 4679 26755 0
44409 22397 2047 0
1658 20566 43627 0
14788 20566 26750 0
5565 8117 42228 0
10643 7036 644 0
35136 24244 28328 0
35424 40912 38263 0
16452 11462 28490 0
36600 40662 25874 0
15328 16452 14133 0
16566 38585 32470 0
39791 16566 4104 0
15250 12930 1904 0
28178 13446 5130 0
8117 43930 8193 0
25662 10484 21685 0
32819 2578 5702 0
18851 11462 23392 0
29961 31139 39381 0
18644 2685 2685 0
11462 29651 7554 0
8726 41609 14788 0
2456 38860 27878 1
8117 4901 12624 0
37337 39791 12625 0
18644 25334 7003 0
31497 45123 39663 0
20566 32664 29714 0
16566 22252 22880 0
13322 41598 43495 1
25161 18644 29961 0
37085 38860 43941 0
14104 36287 22052 0
9805 11154 41609 0
2424 24244 27479 0
41092 40662 30157 0
37337 14606 43930 0
40662 45055 38860 0
35517 39911 38864 0
17849 10643 17460 0
12736 20548 14566 0
8200 28753 32120 0
15844 5260 15568 0
12025 9805 13471 0
33332 12025 39356 0
40324 44231 24244 1
40912 35424 26262 0
4849 3884 23200 0
11462 114 23204 1
15844 9526 22160 0
41919 37337 22373 0
13322 27479 27047 1
39381 45123 8014 0
1898 28807 34553 0
7132 787 10665 0
8726 39120 45123 0
12953 44271 7757 0
11154 27375 4849 0
5261 40611 3834 0
25161 45055 45058 0
8117 23330 32548 0
22397 3834 45055 0
37337 31497 41412 0
7138 28800 21574 1
37468 28753 35632 0
31139 27465 14501 1
36600 14566 35468 0
26057 3884 20516 0
193 40611 41092 0
18900 28852 13152 0
6521 45055 21475 0
2261 6636 36693 0
1658 12025 39177 0
3958 13446 23955 0
32470 2456 41081 0
35745 14576 22790 1
7757 32819 7138 1
25325 25161 7036 0
32470 14345 7132 0
15615 11154 3300 1
1225 41092 5319 1
7132 18988 16438 0
32819 28328 21501 0
41708 28852 8117 0
24397 18644 14927 0
1499 27878 1658 0
16566 37763 14924 0
10484 20516 36600 0
29714 644 26492 0
7132 6521 16144 0
27106 32819 26693 0
2456 3300 30705 0
1212 27153 8200 0
35504 44231 19687 0
2456 16452 2578 1
24040 14158 40324 0
16438 23204 30361 0
11462 28490 8726 0
26750 1732 1225 0
27629 11501 21234 0
32819 30157 20632 0
7036 10643 2456 1
40611 29961 13322 0
14606 28852 39911 0
25325 23357 17288 0
3545 41092 41919 0
20566 43941 38585 0
23204 27375 4945 0
31148 39911 11154 0
22052 20516 28256 0
16438 12736 31497 0
19687 36287 13446 0
25325 7102 11159 0
38139 40912 41022 0
34742 17288 38258 0
10643 41598 28096 0
32513 8726 29651 0
21685 45123 6048 0
28800 7138 14164 0
25161 36287 23330 1
11501 28753 23331 0
31139 5566 11979 0
17688 7132 3525 0
26262 24244 37468 0
29714 36287 3884 0
39120 4960 15250 0
37468 13471 28178 0
7132 29673 35745 0
38263 37468 14158 0
28807 45055 6742 0
36600 21234 31948 0
41708 15328 20548 0
12158 12025 27106 0
11462 6061 32513 0
45123 16386 11243 0
114 1499 41598 0
23204 38637 39120 0
44231 7003 18830 0
36600 18851 45092 0
42869 13446 207 0
40912 38139 12953 1
21562 25325 25161 1
31148 37337 7102 0
25325 24040 14270 1
28490 22052 27465 0
15390 8726 22598 0
11447 20566 37763 1
16566 29651 29778 1
1212 30775 43414 0
16566 4849 39791 0
21835 18644 39955 0
18213 12953 14345 0
15250 22252 11056 0
25161 25325 41708 0
43414 1898 24397 0
28328 31139 17849 0
37085 9198 4679 0
4960 4128 4901 0
24244 39717 11462 0
5702 12025 4877 0
35745 25874 1829 0
7132 41598 33121 0
24244 5566 15052 0
20566 7014 31053 0
12149 3525 18851 0
2261 2685 12146 0
2456 24573 10751 0
43147 25325 12149 0
7138 18462 4977 0
25874 22397 23284 0
1732 31962 31708 0
28256 41092 8441 0
25334 8117 25325 0
37337 8441 22397 0
23204 17288 4128 0
24573 2456 836 0
24397 14158 32819 0
17739 27629 32426 0
23204 4877 44748 0
16265 644 44409 0
18644 17785 6822 0
28807 15328 33371 0
5702 44195 14232 0
2261 41609 381 0
41022 1212 34917 0
28807 13446 35517 1
44409 8117 14606 0
16566 21475 5482 0
23204 38004 787 0
6525 18644 40912 0
5260 13322 37482 0
28852 11056 14288 0
24244 26262 18900 0
18830 32819 27153 0
35136 17739 40611 0
6525 8200 7651 0
8117 39356 31139 0
381 31139 25427 0
14566 15250 16724 0
15328 28807 24922 0
12625 13446 1212 0
18733 14158 9873 1
28096 11954 4278 1
23200 2456 2424 0
4877 4960 10643 0
22373 14345 21958 0
40912 13471 6521 0
27465 10643 6525 1
14576 7132 40662 0
34742 39356 15390 0
14158 21475 7843 0
1123 24244 44882 0
11501 3858 4686 0
28490 10643 14424 0
2456 1658 43147 1
21501 23204 31159 0
24397 13446 38122 0
14927 12736 3869 0
14158 28328 38637 1
22052 28256 15266 0
39955 36600 10366 0
3926 13322 14104 0
12149 10217 16452 0
644 16265 28084 0
15844 14606 7772 0
1499 14387 10484 0
29714 31139 4841 0
36287 12146 16519 1
35745 31708 35223 0
41615 27375 3838 0
39911 28256 33332 0
40324 644 15844 0
30705 11501 23357 0
13322 29714 42869 0
36600 39955 37337 0
35136 8726 6636 0
24244 21835 3545 0
644 12924 357 0
37085 41708 20976 1
37337 19687 22195 0
13446 24397 18644 0
12146 15250 12924 0
8726 35136 211 1
8200 38585 30591 0
20615 40611 10217 0
2261 211 35424 1
26504 2261 16566 0
37468 3958 32336 0
24244 1123 1073 0
32819 23200 32633 0
1732 27629 30763 0
11954 28096 16265 0
15844 20548 16261 1
14566 23204 1551 1
4977 44195 24388 0
644 21562 31744 1
44231 40324 20615 0
44882 22052 17785 0
25325 21501 2774 0
15328 14104 4895 0
7003 32819 114 0
1212 16144 16417 0
13446 8193 39937 0
37468 21475 3296 0
17739 32336 35910 0
18644 14788 5565 0
11056 12025 5566 0
4877 12025 1857 0
38004 10484 12158 0
37337 41919 6061 0
39911 3525 35136 0
12736 4945 36287 1
41615 36693 4960 0
20566 45092 28807 0
20566 15052 3958 0
22598 8117 11958 0
24244 207 28800 0
41092 3545 11954 0
17104 2261 18462 0
17739 2774 22552 1
21574 11462 44271 0
44231 19408 17739 0
8726 18830 34742 0
12953 31159 4118 1
8200 22195 3505 0
20566 32470 22252 0
44195 10665 25334 0
2774 8726 32664 0
2424 8200 14387 0
18644 26492 32988 0
9805 12149 18213 0
26481 37468 16647 0
38585 7138 15328 0
32664 44231 35504 0
26262 4960 7014 0
38139 41615 12736 0
31139 32633 24002 0
12149 21685 23791 0
39650 45055 31962 0
20548 44231 1732 0
18644 6525 30543 0
3884 26057 11501 0
18830 34742 37085 0
28852 31961 25635 0
38004 2456 13046 0
14164 1732 18733 0
24388 8117 31961 0
10484 13046 18988 0
32548 13446 12025 0
15328 30157 41615 0
18900 37337 28475 0
24397 15328 38998 0
27375 36287 27700 0
27465 1499 38004 0
4128 12025 29828 0
357 12953 17104 0
7138 44882 20867 0
207 2456 1206 1
5702 12953 41971 0
40324 12736 1898 0
41598 28852 35895 0
8117 30543 634 0
44271 34742 27629 0
14387 1499 18132 0
40611 31962 29673 0
18213 2456 31148 0
24244 43941 38139 0
36287 22790 26057 0
43495 24244 9601 0
13152 11462 5733 0
28475 15328 9198 0
25325 7003 34660 0
27375 41615 33602 0
30705 31139 26504 0
15844 193 36400 0
1212 41081 9805 0
32819 16144 28753 1
25325 44271 3926 0
3884 27878 45029 1
20566 42228 17479 1
37085 28084 11826 0
21501 35745 39650 0
32819 44271 21562 1
17739 35136 34710 0
10484 14606 24040 0
39120 11154 4786 0
207 12149 20566 0
26481 34742 28852 0
37085 3856 39717 0
11501 38998 3856 0
34742 9526 44231 0
39381 22052 341 1
12158 28852 19408 0
1073 23204 17688 0
11501 39663 3858 0
22598 45055 12930 1
40912 4118 22764 0
17688 14158 15615 0
43941 20566 11188 0
23791 644 37910 0
28852 41598 44195 0
14924 44195 1499 0
41598 39911 27375 0
32633 14345 5261 0
31139 29714 5260 0
3856 8117 29320 1
40662 36600 25662 0
787 7132 26481 0
32819 14387 29280 0
11188 11954 14576 0
15052 44231 30775 0
17460 4960 1123 1
1499 10366 193 0
25874 16566 39402 1
25874 37085 24573 1
34742 32513 41832 0
3300 17739 11447 1
26057 41615 16386 1
40912 3838 2261 0
44195 4977 42585 0
1732 14788 13900 0
38122 3884 21835 0
1225 14158 9526 0
32426 44231 15957 1
43941 24244 39928 0
11954 39402 8121 0
6061 22052 26755 0
25662 36600 2047 0
14606 11501 43627 0
13446 39928 26750 0
16417 18644 42228 0
4960 23284 644 0
18462 1898 28328 0
15266 22052 38263 0
12953 39356 28490 0
16566 37910 25874 0
38860 40912 14133 0
45055 26693 32470 0
1732 11159 4104 0
12953 43147 1904 0
11954 26481 5130 0
32819 27106 8193 0
39911 43930 21685 0
39177 13322 5702 0
45055 24573 23392 0
36287 4278 39381 0
12158 23204 2685 0
41615 31962 7554 0
41832 22397 14788 0
12953 3300 27878 1
7132 45029 12624 0
41092 5260 12625 0
18644 7036 7003 0
15957 13446 39663 0
28084 1212 29714 0
35517 37337 22880 0
7843 12149 43495 1
1499 14288 29961 0
18644 7651 43941 0
1123 25325 22052 0
24244 3505 41609 0
7014 36287 27479 0
40912 29280 30157 0
1898 11056 43930 0
22552 12953 38860 0
14133 31139 38864 0
7772 22397 17460 0
38998 11954 14566 0
12025 4877 32120 0
8726 23200 15568 0
37468 33602 13471 0
35424 15250 39356 0
45055 6061 24244 1
31139 9601 26262 0
31497 23204 23200 0
38263 22052 23204 1
12953 357 22160 0
40611 36400 22373 0
381 35745 27047 1
2456 207 8014 0
3525 15844 34553 0
15390 13446 10665 0
6525 25325 45123 0
11954 12146 7757 0
13471 40912 4849 0
21475 14158 3834 0
16452 2456 45058 0
39356 8117 32548 0
45055 12625 45055 0
207 20566 41412 0
1212 35136 21574 1
24040 12736 35632 0
4786 24244 14501 1
1732 39791 35468 0
27878 11501 20516 0
20566 38258 41092 0
23204 28753 13152 0
4960 29673 21475 0
41609 2261 36693 0
3884 25334 39177 0
2456 32470 23955 0
5482 22052 41081 0
23200 32819 22790 1
35745 3869 7138 1
17739 14288 7036 0
37910 35745 7132 0
3545 12736 3300 1
7003 11501 5319 1
29714 37085 16438 0
4118 11462 21501 0
23204 16386 8117 0
29320 37468 14927 0
8726 2774 1658 0
21835 12025 14924 0
12736 16438 36600 0
8200 27465 26492 0
13471 15844 16144 0
7132 15957 26693 0
15250 18132 30705 0
20566 15568 8200 0
22252 32819 19687 0
37468 15052 2578 1
41919 16566 40324 0
24244 211 30361 0
34917 37085 8726 0
11954 6048 1225 0
20566 11447 21234 0
37085 16438 20632 0
1857 41092 2456 1
4895 10643 13322 0
8726 39650 39911 0
45055 4679 17288 0
38258 20566 41919 0
12025 5702 38585 0
8726 45058 4945 0
17785 18644 11154 0
44195 30361 28256 0
15844 9873 31497 0
21685 13322 13446 0
39911 20976 11159 0
15328 24397 41022 0
41092 3958 38258 0
22552 12149 28096 0
31139 2774 29651 0
28084 10484 6048 0
30763 15328 14164 0
29673 40611 23330 1
20548 12736 23331 0
22397 44409 11979 0
3869 35745 3525 0
2047 4960 37468 0
24388 11501 3884 0
43147 23204 15250 0
10643 17849 28178 0
22397 2578 35745 0
37085 16724 14158 0
3300 1732 6742 0
39911 14606 31948 0
8726 21234 20548 0
8121 37468 27106 0
28096 44231 32513 0
44271 12953 11243 0
26481 44231 41598 0
32664 31139 39120 0
40912 18213 18830 0
13322 35504 45092 0
1499 7651 207 0
13446 14576 12953 1
40611 3958 25161 1
1212 26750 7102 0
44271 28852 14270 1
14566 36600 27465 0
11154 16144 22598 0
31139 3958 37763 1
40611 4278 29778 1
14133 35745 43414 0
18213 40912 39791 0
29673 7132 39955 0
8121 40912 14345 0
14345 11979 11056 0
18830 8200 41708 0
12149 20548 24397 0
32513 13322 17849 0
787 25325 4679 0
207 24244 4901 0
14164 24244 11462 0
21475 16566 4877 0
6048 12736 1829 0
11056 28852 33121 0
4977 37085 15052 0
11462 34917 31053 0
25325 43147 18851 0
13900 1212 12146 0
27465 8200 10751 0
37085 15568 12149 0
33602 37337 4977 0
21501 37085 23284 0
45123 35517 31708 0
634 28852 8441 0
3884 4849 25325 0
357 13446 22397 0
23204 39177 4128 0
12146 37337 836 0
34742 26481 32819 0
29280 12025 32426 0
36600 39177 44748 0
17288 15844 44409 0
36400 12149 6822 0
1829 8117 33371 0
3884 26262 14232 0
26755 44195 381 0
13322 4841 34917 0
45055 3838 35517 1
3884 38263 14606 0
6061 23204 5482 0
4960 15568 787 0
6822 1898 40912 0
22880 39650 37482 0
8726 44882 14288 0
4679 14345 18900 0
31744 22052 27153 0
644 31744 40611 0
4901 1212 7651 0
7843 36600 31139 0
4960 32336 25427 0
40912 8121 16724 0
39911 11979 24922 0
39911 8441 1212 0
22373 44195 9873 1
4118 17739 4278 1
27878 1212 2424 0
23955 11501 10643 0
35745 5733 21958 0
22397 29673 6521 0
11056 1898 6525 1
29280 40912 40662 0
4945 41615 15390 0
39650 8726 7843 0
31497 11501 44882 0
20615 17739 4686 0
45055 27047 14424 0
36287 22160 43147 1
41092 14924 31159 0
44195 33371 38122 0
11462 4118 3869 0
5482 45055 38637 1
39381 34742 15266 0
2685 34742 10366 0
14501 24244 14104 0
6048 20566 16452 0
8200 20615 28084 0
35136 1212 7772 0
37085 41598 10484 0
6048 7138 4841 0
7138 2047 16519 1
32819 26057 35223 0
35745 1225 3838 0
5319 40912 33332 0
14788 7138 15844 0
37482 15328 23357 0
20566 4895 42869 0
14501 10643 37337 0
12025 11056 6636 0
25662 44195 3545 0
22252 40611 357 0
31708 18644 20976 1
3858 1732 22195 0
5733 12736 18644 0
8117 39177 12924 0
14788 41092 211 1
27479 35745 30591 0
21234 8726 10217 0
28753 22397 35424 1
16647 10643 16566 0
41092 1225 32336 0
6048 11954 1073 0
38585 22052 32633 0
1898 15568 30763 0
33332 45055 16265 0
41708 37085 16261 1
25427 40912 1551 1
15844 17288 24388 0
28852 10366 31744 1
4841 44231 20615 0
11979 1898 17785 0
11447 1499 2774 0
11501 31497 4895 0
31159 12953 114 0
8117 21958 16417 0
39955 7132 39937 0
18988 7132 3296 0
8121 11954 35910 0
41615 4841 5565 0
18830 28852 5566 0
8726 4104 1857 0
14345 3545 12158 0
2261 16724 6061 0
7757 22880 35136 0
14288 22052 36287 1
41615 4849 4960 0
16417 12736 28807 0
12149 17479 3958 0
17460 40611 11958 0
39717 7138 28800 0
11501 30705 11954 0
1225 35745 18462 0
1898 5566 22552 1
28800 3884 44271 0
16566 31961 17739 0
5260 16566 34742 0
4977 35745 4118 1
39663 12025 3505 0
5565 4960 22252 0
11954 38263 25334 0
34917 13322 32664 0
2578 40611 14387 0
1658 2456 32988 0
22397 41832 18213 0
11462 41708 16647 0
37910 1212 15328 0
12149 5733 35504 0
22252 2456 7014 0
37085 28096 12736 0
41598 15250 24002 0
7132 1225 23791 0
15844 12930 31962 0
40611 341 1732 0
20976 18644 30543 0
41832 13446 11501 0
19687 8726 37085 0
25325 25427 25635 0
10217 12149 13046 0
29778 12149 18733 0
1212 211 31961 0
1212 4901 18988 0
30705 17739 12025 0
4128 45123 41615 0
43147 36287 28475 0
45055 23331 38998 0
44195 114 27700 0
22397 3869 38004 0
9198 11462 29828 0
9526 44231 17104 0
17739 14501 20867 0
29673 4960 1206 1
40912 4679 41971 0
7138 9526 1898 0
18644 37910 35895 0
14270 44195 634 0
23955 36600 27629 0
37468 24922 18132 0
27465 31139 29673 0
41092 4977 31148 0
10366 12736 38139 0
644 13471 26057 0
8726 16647 9601 0
32819 23357 5733 0
12625 39911 9198 0
11979 14345 34660 0
14576 45055 33602 0
32819 7772 26504 0
25334 22880 36400 0
341 12149 9805 0
25635 28852 28753 1
4841 41615 3926 0
13322 14501 45029 1
14345 45029 17479 1
29778 644 11826 0
24244 1857 39650 0
12149 32988 21562 1
13446 3525 34710 0
4901 3884 24040 0
38998 28852 4786 0
14927 4960 20566 0
41609 11154 28852 0
11462 634 39717 0
45123 114 3856 0
1732 9873 44231 0
644 34710 341 1
3858 41092 19408 0
24244 43495 17688 0
27629 17739 3858 0
16566 38998 12930 1
22397 35910 22764 0
15250 23331 15615 0
41615 9601 11188 0
8200 18830 37910 0
114 11462 44195 0
26481 11954 1499 0
26755 12953 27375 0
38585 8200 5261 0
10643 41412 5260 0
38263 8117 29320 1
37337 17688 25662 0
16386 31139 26481 0
35136 14345 29280 0
14345 18851 14576 0
22397 22373 30775 0
35910 22397 1123 1
12924 23204 193 0
23392 14345 39402 1
30775 23204 24573 1
22052 27479 41832 0
15250 12146 11447 1
3884 38122 16386 1
27375 23204 2261 0
41615 43627 42585 0
38860 37085 13900 0
40611 3926 21835 0
9198 37085 9526 0
23204 30775 15957 1
33332 4960 39928 0
1898 35424 8121 0
11826 36287 26755 0
1499 31053 2047 0
15615 44231 43627 0
7138 5733 26750 0
28852 25635 42228 0
207 22880 644 0
34660 28852 28328 0
20976 44231 38263 0
31148 35745 28490 0
14424 37337 25874 0
30157 15328 14133 0
12930 12736 32470 0
1898 4104 4104 0
45123 28256 1904 0
21958 22880 5130 0
26750 41615 8193 0
1898 15957 21685 0
45055 14566 5702 0
25325 14133 23392 0
17104 4960 39381 0
18644 20548 2685 0
20615 22052 7554 0
22052 26492 14788 0
41609 45123 27878 1
5260 41092 12624 0
18988 17739 12625 0
41615 29714 7003 0
23204 14566 39663 0
16647 13446 29714 0
34917 11462 22880 0
27375 14158 43495 1
20566 32336 29961 0
25325 38864 43941 0
10484 38004 22052 0
18644 18132 41609 0
44231 28800 27479 0
8441 39911 30157 0
41598 37085 43930 0
39928 13446 38860 0
3858 22052 38864 0
12924 12149 17460 0
26262 3884 14566 0
17739 18988 32120 0
32664 644 15568 0
44231 29828 13471 0
7138 14788 39356 0
39381 37085 24244 1
31962 34742 26262 0
31961 16566 23200 0
29673 22397 23204 1
25325 21234 22160 0
8200 4679 22373 0
37085 17288 27047 1
17104 15328 8014 0
22397 7772 34553 0
39120 40912 10665 0
39911 22552 45123 0
21234 644 7757 0
38122 40912 4849 0
45123 2578 3834 0
42228 13322 45058 0
22880 39791 32548 0
31497 13446 45055 0
45029 15250 41412 0
22880 17849 21574 1
3926 12953 35632 0
22373 22397 14501 1
37337 33371 35468 0
4960 4977 20516 0
11154 29280 41092 0
33121 13322 13152 0
11462 41832 21475 0
44195 35910 36693 0
3884 4901 39177 0
114 45123 23955 0
15266 7132 41081 0
2774 22397 22790 1
10643 32513 7138 1
44231 35504 7036 0
35468 15844 7132 0
33371 37337 3300 1
18644 24397 5319 1
32819 18830 16438 0
24244 19408 21501 0
4945 23204 8117 0
22052 43495 14927 0
14232 11462 1658 0
28328 13446 14924 0
41022 12953 36600 0
7138 30361 26492 0
16438 37085 16144 0
24244 21685 26693 0
11154 34553 30705 0
31139 14133 8200 0
13446 25161 19687 0
12025 14164 2578 1
42228 41092 40324 0
37085 31948 30361 0
37085 23200 8726 0
40611 20615 1225 0
41092 1857 21234 0
1732 43495 20632 0
8441 25325 2456 1
30157 44231 13322 0
1212 28178 39911 0
36400 40611 17288 0
28852 15957 41919 0
1499 13471 38585 0
23330 24244 4945 0
6525 2456 11154 0
11154 39120 28256 0
1732 7772 31497 0
15250 28800 13446 0
644 25427 11159 0
37337 16265 41022 0
37337 44882 38258 0
114 2456 28096 0
34742 7102 29651 0
38139 13446 6048 0
16452 15328 14164 0
22880 25334 23330 1
16261 23204 23331 0
22373 1898 11979 0
14158 18733 3525 0
10217 32819 37468 0
12930 36287 3884 0
39911 25427 15250 0
32664 20566 28178 0
18644 35632 35745 0
44195 14924 14158 0
16724 15328 6742 0
27479 22052 31948 0
211 2261 20548 0
24573 23204 27106 0
11501 2685 32513 0
40611 19687 11243 0
7138 31948 41598 0
2578 45123 39120 0
35745 39717 18830 0
39402 44231 45092 0
44271 32819 207 0
29828 32819 12953 1
23357 25325 25161 1
16452 12025 7102 0
3856 37085 14270 1
16647 8726 27465 0
24388 8726 22598 0
41609 8726 37763 1
22880 25427 29778 1
34742 24397 43414 0
28084 22880 39791 0
41615 5702 39955 0
42228 40912 14345 0
20566 32426 11056 0
28096 8117 41708 0
30543 22397 24397 0
29778 45055 17849 0
14345 33602 4679 0
22880 21958 4901 0
836 20566 11462 0
17688 37337 4877 0
35910 44195 1829 0
3838 45055 33121 0
28753 2456 15052 0
37337 14424 31053 0
11501 23955 18851 0
16261 8200 12146 0
26750 36287 10751 0
31962 41615 12149 0
45029 39911 4977 0
3858 11501 23284 0
38263 11954 31708 0
8117 44409 8441 0
31139 41598 25325 0
34742 1551 22397 0
39928 37337 4128 0
40912 10217 836 0
36287 24397 32819 0
1658 36287 32426 0
2578 22397 44748 0
23392 8200 44409 0
15250 4786 6822 0
22252 15250 33371 0
15328 30763 14232 0
15844 13471 381 0
20548 15844 34917 0
45029 13322 35517 1
32664 37085 14606 0
40611 4679 5482 0
20548 10484 787 0
28256 40912 40912 0
35517 45123 37482 0
2456 7843 14288 0
12736 14232 18900 0
6525 13322 27153 0
45123 25635 40611 0
2456 22252 7651 0
16566 5260 31139 0
3834 15844 25427 0
4945 12736 16724 0
836 7132 24922 0
39911 207 1212 0
18644 10217 9873 1
21562 41615 4278 1
35424 44231 2424 0
18132 18644 10643 0
27700 37085 21958 0
1898 21835 6521 0
12924 12025 6525 1
32470 20566 40662 0
644 41598 15390 0
1898 35504 7843 0
13322 32548 44882 0
15328 31744 4686 0
3958 31139 14424 0
25325 43941 43147 1
